20 10
00 00 00 00 00 00 00 00 00 00 00 00 00 00 00 00 00 00 00 00
00 00 00 00 00 00 00 00 00 00 00 00 00 00 00 00 00 00 00 00
00 00 00 00 00 00 00 00 00 00 00 00 27 27 27 27 27 27 00 00
00 00 00 00 00 00 00 00 00 00 00 00 00 00 00 00 00 00 00 00
00 00 00 00 00 00 00 00 00 00 00 00 00 00 00 00 00 00 00 00
00 00 00 00 00 00 00 00 00 00 00 00 00 00 36 36 36 36 36 36
00 00 00 00 00 00 00 00 00 00 00 00 00 00 54 31 32 32 32 33
00 00 00 00 00 00 00 00 00 00 00 00 00 00 54 49 50 50 50 51
56 56 56 56 56 56 56 56 56 56 56 56 56 56 56 56 56 56 56 56
56 56 56 56 56 56 56 56 56 56 56 56 56 56 56 56 56 56 56 56